SELECT
1
2019-09-12 22:34:32.202190-Lock: None-Fall Through
2019-09-12 22:34:32.202203-Lock: Creating, /home/nd/chris17453/ddb/test/data/MOCK_DATA.csv
2019-09-12 22:34:32.202227-Lock: MOD, /home/nd/chris17453/ddb/test/data/MOCK_DATA.csv
2019-09-12 22:34:32.202242-Lock: Aquired /tmp/MOCK_DATA.csv_3a03b67cb87f4a4ce4ee9c141e45621f.lock
2019-09-12 22:34:32.202725-Lock: Creating temporary file: /home/nd/chris17453/ddb/test/data/MOCK_DATA.csv-> /tmp/ddb__TZMrX8UUID-047f8e58-d5cf-11e9-a5e6-b3efbbced9dc
Temp File /tmp/ddb__TZMrX8UUID-047f8e58-d5cf-11e9-a5e6-b3efbbced9dc
Commit
2019-09-12 22:34:32.210598-Lock: Removing temp copy: /tmp/ddb__TZMrX8UUID-047f8e58-d5cf-11e9-a5e6-b3efbbced9dc
2019-09-12 22:34:32.210728-Lock: Releasing Lock file: /tmp/MOCK_DATA.csv_3a03b67cb87f4a4ce4ee9c141e45621f.lock
2019-09-12 22:34:32.210757-Lock: removed
Temp Flags Files Cleared
2
2019-09-12 22:34:32.213046-Lock: None-Fall Through
2019-09-12 22:34:32.213057-Lock: Creating, /home/nd/chris17453/ddb/test/data/MOCK_DATA.csv
2019-09-12 22:34:32.213089-Lock: MOD, /home/nd/chris17453/ddb/test/data/MOCK_DATA.csv
2019-09-12 22:34:32.213103-Lock: Aquired /tmp/MOCK_DATA.csv_3a03b67cb87f4a4ce4ee9c141e45621f.lock
2019-09-12 22:34:32.213140-Lock: Creating temporary file: /home/nd/chris17453/ddb/test/data/MOCK_DATA.csv-> /tmp/ddb__cnkkHTUUID-047f8e58-d5cf-11e9-a5e6-b3efbbced9dc
Temp File /tmp/ddb__cnkkHTUUID-047f8e58-d5cf-11e9-a5e6-b3efbbced9dc
Commit
2019-09-12 22:34:32.220474-Lock: Removing temp copy: /tmp/ddb__cnkkHTUUID-047f8e58-d5cf-11e9-a5e6-b3efbbced9dc
2019-09-12 22:34:32.220604-Lock: Releasing Lock file: /tmp/MOCK_DATA.csv_3a03b67cb87f4a4ce4ee9c141e45621f.lock
2019-09-12 22:34:32.220633-Lock: removed
Temp Flags Files Cleared
3
2019-09-12 22:34:32.222904-Lock: None-Fall Through
2019-09-12 22:34:32.222915-Lock: Creating, /home/nd/chris17453/ddb/test/data/MOCK_DATA.csv
2019-09-12 22:34:32.222945-Lock: MOD, /home/nd/chris17453/ddb/test/data/MOCK_DATA.csv
2019-09-12 22:34:32.222960-Lock: Aquired /tmp/MOCK_DATA.csv_3a03b67cb87f4a4ce4ee9c141e45621f.lock
2019-09-12 22:34:32.222997-Lock: Creating temporary file: /home/nd/chris17453/ddb/test/data/MOCK_DATA.csv-> /tmp/ddb__uaTHWwUUID-047f8e58-d5cf-11e9-a5e6-b3efbbced9dc
Temp File /tmp/ddb__uaTHWwUUID-047f8e58-d5cf-11e9-a5e6-b3efbbced9dc
Commit
2019-09-12 22:34:32.230464-Lock: Removing temp copy: /tmp/ddb__uaTHWwUUID-047f8e58-d5cf-11e9-a5e6-b3efbbced9dc
2019-09-12 22:34:32.230604-Lock: Releasing Lock file: /tmp/MOCK_DATA.csv_3a03b67cb87f4a4ce4ee9c141e45621f.lock
2019-09-12 22:34:32.230634-Lock: removed
Temp Flags Files Cleared
4
2019-09-12 22:34:32.233823-Lock: None-Fall Through
2019-09-12 22:34:32.233833-Lock: Creating, /home/nd/chris17453/ddb/test/data/MOCK_DATA.csv
2019-09-12 22:34:32.233862-Lock: MOD, /home/nd/chris17453/ddb/test/data/MOCK_DATA.csv
2019-09-12 22:34:32.233876-Lock: Aquired /tmp/MOCK_DATA.csv_3a03b67cb87f4a4ce4ee9c141e45621f.lock
2019-09-12 22:34:32.233913-Lock: Creating temporary file: /home/nd/chris17453/ddb/test/data/MOCK_DATA.csv-> /tmp/ddb__1evoTXUUID-047f8e58-d5cf-11e9-a5e6-b3efbbced9dc
Temp File /tmp/ddb__1evoTXUUID-047f8e58-d5cf-11e9-a5e6-b3efbbced9dc
Commit
2019-09-12 22:34:32.241658-Lock: Removing temp copy: /tmp/ddb__1evoTXUUID-047f8e58-d5cf-11e9-a5e6-b3efbbced9dc
2019-09-12 22:34:32.241780-Lock: Releasing Lock file: /tmp/MOCK_DATA.csv_3a03b67cb87f4a4ce4ee9c141e45621f.lock
2019-09-12 22:34:32.241809-Lock: removed
Temp Flags Files Cleared
5
2019-09-12 22:34:32.245386-Lock: None-Fall Through
2019-09-12 22:34:32.245397-Lock: Creating, /home/nd/chris17453/ddb/test/data/MOCK_DATA.csv
2019-09-12 22:34:32.245424-Lock: MOD, /home/nd/chris17453/ddb/test/data/MOCK_DATA.csv
2019-09-12 22:34:32.245439-Lock: Aquired /tmp/MOCK_DATA.csv_3a03b67cb87f4a4ce4ee9c141e45621f.lock
2019-09-12 22:34:32.245481-Lock: Creating temporary file: /home/nd/chris17453/ddb/test/data/MOCK_DATA.csv-> /tmp/ddb__03ogazUUID-047f8e58-d5cf-11e9-a5e6-b3efbbced9dc
Temp File /tmp/ddb__03ogazUUID-047f8e58-d5cf-11e9-a5e6-b3efbbced9dc
Commit
2019-09-12 22:34:32.253879-Lock: Removing temp copy: /tmp/ddb__03ogazUUID-047f8e58-d5cf-11e9-a5e6-b3efbbced9dc
2019-09-12 22:34:32.254027-Lock: Releasing Lock file: /tmp/MOCK_DATA.csv_3a03b67cb87f4a4ce4ee9c141e45621f.lock
2019-09-12 22:34:32.254056-Lock: removed
Temp Flags Files Cleared
6
2019-09-12 22:34:32.258062-Lock: None-Fall Through
2019-09-12 22:34:32.258072-Lock: Creating, /home/nd/chris17453/ddb/test/data/MOCK_DATA.csv
2019-09-12 22:34:32.258101-Lock: MOD, /home/nd/chris17453/ddb/test/data/MOCK_DATA.csv
2019-09-12 22:34:32.258114-Lock: Aquired /tmp/MOCK_DATA.csv_3a03b67cb87f4a4ce4ee9c141e45621f.lock
2019-09-12 22:34:32.258151-Lock: Creating temporary file: /home/nd/chris17453/ddb/test/data/MOCK_DATA.csv-> /tmp/ddb__2RbeTLUUID-047f8e58-d5cf-11e9-a5e6-b3efbbced9dc
Temp File /tmp/ddb__2RbeTLUUID-047f8e58-d5cf-11e9-a5e6-b3efbbced9dc
Commit
2019-09-12 22:34:32.268980-Lock: Removing temp copy: /tmp/ddb__2RbeTLUUID-047f8e58-d5cf-11e9-a5e6-b3efbbced9dc
2019-09-12 22:34:32.269108-Lock: Releasing Lock file: /tmp/MOCK_DATA.csv_3a03b67cb87f4a4ce4ee9c141e45621f.lock
2019-09-12 22:34:32.269137-Lock: removed
Temp Flags Files Cleared
1
2019-09-12 22:34:32.271268-Lock: None-Fall Through
2019-09-12 22:34:32.271278-Lock: Creating, /home/nd/chris17453/ddb/test/data/MOCK_DATA.csv
2019-09-12 22:34:32.271307-Lock: MOD, /home/nd/chris17453/ddb/test/data/MOCK_DATA.csv
2019-09-12 22:34:32.271324-Lock: Aquired /tmp/MOCK_DATA.csv_3a03b67cb87f4a4ce4ee9c141e45621f.lock
2019-09-12 22:34:32.271360-Lock: Creating temporary file: /home/nd/chris17453/ddb/test/data/MOCK_DATA.csv-> /tmp/ddb__oA43EqUUID-047f8e58-d5cf-11e9-a5e6-b3efbbced9dc
Temp File /tmp/ddb__oA43EqUUID-047f8e58-d5cf-11e9-a5e6-b3efbbced9dc
Commit
2019-09-12 22:34:32.278898-Lock: Removing temp copy: /tmp/ddb__oA43EqUUID-047f8e58-d5cf-11e9-a5e6-b3efbbced9dc
2019-09-12 22:34:32.279067-Lock: Releasing Lock file: /tmp/MOCK_DATA.csv_3a03b67cb87f4a4ce4ee9c141e45621f.lock
2019-09-12 22:34:32.279105-Lock: removed
Temp Flags Files Cleared
2
2019-09-12 22:34:32.281409-Lock: None-Fall Through
2019-09-12 22:34:32.281420-Lock: Creating, /home/nd/chris17453/ddb/test/data/MOCK_DATA.csv
2019-09-12 22:34:32.281450-Lock: MOD, /home/nd/chris17453/ddb/test/data/MOCK_DATA.csv
2019-09-12 22:34:32.281463-Lock: Aquired /tmp/MOCK_DATA.csv_3a03b67cb87f4a4ce4ee9c141e45621f.lock
2019-09-12 22:34:32.281508-Lock: Creating temporary file: /home/nd/chris17453/ddb/test/data/MOCK_DATA.csv-> /tmp/ddb__e9Hb19UUID-047f8e58-d5cf-11e9-a5e6-b3efbbced9dc
Temp File /tmp/ddb__e9Hb19UUID-047f8e58-d5cf-11e9-a5e6-b3efbbced9dc
Commit
2019-09-12 22:34:32.288941-Lock: Removing temp copy: /tmp/ddb__e9Hb19UUID-047f8e58-d5cf-11e9-a5e6-b3efbbced9dc
2019-09-12 22:34:32.289068-Lock: Releasing Lock file: /tmp/MOCK_DATA.csv_3a03b67cb87f4a4ce4ee9c141e45621f.lock
2019-09-12 22:34:32.289098-Lock: removed
Temp Flags Files Cleared
3
2019-09-12 22:34:32.291347-Lock: None-Fall Through
2019-09-12 22:34:32.291358-Lock: Creating, /home/nd/chris17453/ddb/test/data/MOCK_DATA.csv
2019-09-12 22:34:32.291391-Lock: MOD, /home/nd/chris17453/ddb/test/data/MOCK_DATA.csv
2019-09-12 22:34:32.291405-Lock: Aquired /tmp/MOCK_DATA.csv_3a03b67cb87f4a4ce4ee9c141e45621f.lock
2019-09-12 22:34:32.291444-Lock: Creating temporary file: /home/nd/chris17453/ddb/test/data/MOCK_DATA.csv-> /tmp/ddb__yuVBg9UUID-047f8e58-d5cf-11e9-a5e6-b3efbbced9dc
Temp File /tmp/ddb__yuVBg9UUID-047f8e58-d5cf-11e9-a5e6-b3efbbced9dc
Commit
2019-09-12 22:34:32.298793-Lock: Removing temp copy: /tmp/ddb__yuVBg9UUID-047f8e58-d5cf-11e9-a5e6-b3efbbced9dc
2019-09-12 22:34:32.298922-Lock: Releasing Lock file: /tmp/MOCK_DATA.csv_3a03b67cb87f4a4ce4ee9c141e45621f.lock
2019-09-12 22:34:32.298951-Lock: removed
Temp Flags Files Cleared
4
2019-09-12 22:34:32.302180-Lock: None-Fall Through
2019-09-12 22:34:32.302191-Lock: Creating, /home/nd/chris17453/ddb/test/data/MOCK_DATA.csv
2019-09-12 22:34:32.302224-Lock: MOD, /home/nd/chris17453/ddb/test/data/MOCK_DATA.csv
2019-09-12 22:34:32.302236-Lock: Aquired /tmp/MOCK_DATA.csv_3a03b67cb87f4a4ce4ee9c141e45621f.lock
2019-09-12 22:34:32.302274-Lock: Creating temporary file: /home/nd/chris17453/ddb/test/data/MOCK_DATA.csv-> /tmp/ddb__0g0H2LUUID-047f8e58-d5cf-11e9-a5e6-b3efbbced9dc
Temp File /tmp/ddb__0g0H2LUUID-047f8e58-d5cf-11e9-a5e6-b3efbbced9dc
Commit
2019-09-12 22:34:32.310062-Lock: Removing temp copy: /tmp/ddb__0g0H2LUUID-047f8e58-d5cf-11e9-a5e6-b3efbbced9dc
2019-09-12 22:34:32.310191-Lock: Releasing Lock file: /tmp/MOCK_DATA.csv_3a03b67cb87f4a4ce4ee9c141e45621f.lock
2019-09-12 22:34:32.310220-Lock: removed
Temp Flags Files Cleared
5
2019-09-12 22:34:32.313801-Lock: None-Fall Through
2019-09-12 22:34:32.313812-Lock: Creating, /home/nd/chris17453/ddb/test/data/MOCK_DATA.csv
2019-09-12 22:34:32.313839-Lock: MOD, /home/nd/chris17453/ddb/test/data/MOCK_DATA.csv
2019-09-12 22:34:32.313851-Lock: Aquired /tmp/MOCK_DATA.csv_3a03b67cb87f4a4ce4ee9c141e45621f.lock
2019-09-12 22:34:32.313888-Lock: Creating temporary file: /home/nd/chris17453/ddb/test/data/MOCK_DATA.csv-> /tmp/ddb__mvrVxbUUID-047f8e58-d5cf-11e9-a5e6-b3efbbced9dc
Temp File /tmp/ddb__mvrVxbUUID-047f8e58-d5cf-11e9-a5e6-b3efbbced9dc
Commit
2019-09-12 22:34:32.322375-Lock: Removing temp copy: /tmp/ddb__mvrVxbUUID-047f8e58-d5cf-11e9-a5e6-b3efbbced9dc
2019-09-12 22:34:32.322540-Lock: Releasing Lock file: /tmp/MOCK_DATA.csv_3a03b67cb87f4a4ce4ee9c141e45621f.lock
2019-09-12 22:34:32.322574-Lock: removed
Temp Flags Files Cleared
6
2019-09-12 22:34:32.326698-Lock: None-Fall Through
2019-09-12 22:34:32.326709-Lock: Creating, /home/nd/chris17453/ddb/test/data/MOCK_DATA.csv
2019-09-12 22:34:32.326736-Lock: MOD, /home/nd/chris17453/ddb/test/data/MOCK_DATA.csv
2019-09-12 22:34:32.326755-Lock: Aquired /tmp/MOCK_DATA.csv_3a03b67cb87f4a4ce4ee9c141e45621f.lock
2019-09-12 22:34:32.326799-Lock: Creating temporary file: /home/nd/chris17453/ddb/test/data/MOCK_DATA.csv-> /tmp/ddb__PFevTsUUID-047f8e58-d5cf-11e9-a5e6-b3efbbced9dc
Temp File /tmp/ddb__PFevTsUUID-047f8e58-d5cf-11e9-a5e6-b3efbbced9dc
Commit
2019-09-12 22:34:32.337811-Lock: Removing temp copy: /tmp/ddb__PFevTsUUID-047f8e58-d5cf-11e9-a5e6-b3efbbced9dc
2019-09-12 22:34:32.337944-Lock: Releasing Lock file: /tmp/MOCK_DATA.csv_3a03b67cb87f4a4ce4ee9c141e45621f.lock
2019-09-12 22:34:32.337975-Lock: removed
Temp Flags Files Cleared
1
2019-09-12 22:34:32.340133-Lock: None-Fall Through
2019-09-12 22:34:32.340144-Lock: Creating, /home/nd/chris17453/ddb/test/data/MOCK_DATA.csv
2019-09-12 22:34:32.340176-Lock: MOD, /home/nd/chris17453/ddb/test/data/MOCK_DATA.csv
2019-09-12 22:34:32.340194-Lock: Aquired /tmp/MOCK_DATA.csv_3a03b67cb87f4a4ce4ee9c141e45621f.lock
2019-09-12 22:34:32.340237-Lock: Creating temporary file: /home/nd/chris17453/ddb/test/data/MOCK_DATA.csv-> /tmp/ddb__UCLy3jUUID-047f8e58-d5cf-11e9-a5e6-b3efbbced9dc
Temp File /tmp/ddb__UCLy3jUUID-047f8e58-d5cf-11e9-a5e6-b3efbbced9dc
Commit
2019-09-12 22:34:32.347607-Lock: Removing temp copy: /tmp/ddb__UCLy3jUUID-047f8e58-d5cf-11e9-a5e6-b3efbbced9dc
2019-09-12 22:34:32.347748-Lock: Releasing Lock file: /tmp/MOCK_DATA.csv_3a03b67cb87f4a4ce4ee9c141e45621f.lock
2019-09-12 22:34:32.347780-Lock: removed
Temp Flags Files Cleared
2
2019-09-12 22:34:32.350039-Lock: None-Fall Through
2019-09-12 22:34:32.350050-Lock: Creating, /home/nd/chris17453/ddb/test/data/MOCK_DATA.csv
2019-09-12 22:34:32.350079-Lock: MOD, /home/nd/chris17453/ddb/test/data/MOCK_DATA.csv
2019-09-12 22:34:32.350096-Lock: Aquired /tmp/MOCK_DATA.csv_3a03b67cb87f4a4ce4ee9c141e45621f.lock
2019-09-12 22:34:32.350139-Lock: Creating temporary file: /home/nd/chris17453/ddb/test/data/MOCK_DATA.csv-> /tmp/ddb__kj2AYvUUID-047f8e58-d5cf-11e9-a5e6-b3efbbced9dc
Temp File /tmp/ddb__kj2AYvUUID-047f8e58-d5cf-11e9-a5e6-b3efbbced9dc
Commit
2019-09-12 22:34:32.357446-Lock: Removing temp copy: /tmp/ddb__kj2AYvUUID-047f8e58-d5cf-11e9-a5e6-b3efbbced9dc
2019-09-12 22:34:32.357591-Lock: Releasing Lock file: /tmp/MOCK_DATA.csv_3a03b67cb87f4a4ce4ee9c141e45621f.lock
2019-09-12 22:34:32.357624-Lock: removed
Temp Flags Files Cleared
3
2019-09-12 22:34:32.359872-Lock: None-Fall Through
2019-09-12 22:34:32.359883-Lock: Creating, /home/nd/chris17453/ddb/test/data/MOCK_DATA.csv
2019-09-12 22:34:32.359912-Lock: MOD, /home/nd/chris17453/ddb/test/data/MOCK_DATA.csv
2019-09-12 22:34:32.359929-Lock: Aquired /tmp/MOCK_DATA.csv_3a03b67cb87f4a4ce4ee9c141e45621f.lock
2019-09-12 22:34:32.359995-Lock: Creating temporary file: /home/nd/chris17453/ddb/test/data/MOCK_DATA.csv-> /tmp/ddb__XHWRO4UUID-047f8e58-d5cf-11e9-a5e6-b3efbbced9dc
Temp File /tmp/ddb__XHWRO4UUID-047f8e58-d5cf-11e9-a5e6-b3efbbced9dc
Commit
2019-09-12 22:34:32.367250-Lock: Removing temp copy: /tmp/ddb__XHWRO4UUID-047f8e58-d5cf-11e9-a5e6-b3efbbced9dc
2019-09-12 22:34:32.367389-Lock: Releasing Lock file: /tmp/MOCK_DATA.csv_3a03b67cb87f4a4ce4ee9c141e45621f.lock
2019-09-12 22:34:32.367420-Lock: removed
Temp Flags Files Cleared
4
2019-09-12 22:34:32.370649-Lock: None-Fall Through
2019-09-12 22:34:32.370660-Lock: Creating, /home/nd/chris17453/ddb/test/data/MOCK_DATA.csv
2019-09-12 22:34:32.370689-Lock: MOD, /home/nd/chris17453/ddb/test/data/MOCK_DATA.csv
2019-09-12 22:34:32.370708-Lock: Aquired /tmp/MOCK_DATA.csv_3a03b67cb87f4a4ce4ee9c141e45621f.lock
2019-09-12 22:34:32.370753-Lock: Creating temporary file: /home/nd/chris17453/ddb/test/data/MOCK_DATA.csv-> /tmp/ddb__A5hy9VUUID-047f8e58-d5cf-11e9-a5e6-b3efbbced9dc
Temp File /tmp/ddb__A5hy9VUUID-047f8e58-d5cf-11e9-a5e6-b3efbbced9dc
Commit
2019-09-12 22:34:32.378417-Lock: Removing temp copy: /tmp/ddb__A5hy9VUUID-047f8e58-d5cf-11e9-a5e6-b3efbbced9dc
2019-09-12 22:34:32.378556-Lock: Releasing Lock file: /tmp/MOCK_DATA.csv_3a03b67cb87f4a4ce4ee9c141e45621f.lock
2019-09-12 22:34:32.378587-Lock: removed
Temp Flags Files Cleared
5
2019-09-12 22:34:32.382371-Lock: None-Fall Through
2019-09-12 22:34:32.382382-Lock: Creating, /home/nd/chris17453/ddb/test/data/MOCK_DATA.csv
2019-09-12 22:34:32.382416-Lock: MOD, /home/nd/chris17453/ddb/test/data/MOCK_DATA.csv
2019-09-12 22:34:32.382431-Lock: Aquired /tmp/MOCK_DATA.csv_3a03b67cb87f4a4ce4ee9c141e45621f.lock
2019-09-12 22:34:32.382483-Lock: Creating temporary file: /home/nd/chris17453/ddb/test/data/MOCK_DATA.csv-> /tmp/ddb__rrviRiUUID-047f8e58-d5cf-11e9-a5e6-b3efbbced9dc
Temp File /tmp/ddb__rrviRiUUID-047f8e58-d5cf-11e9-a5e6-b3efbbced9dc
Commit
2019-09-12 22:34:32.390973-Lock: Removing temp copy: /tmp/ddb__rrviRiUUID-047f8e58-d5cf-11e9-a5e6-b3efbbced9dc
2019-09-12 22:34:32.391109-Lock: Releasing Lock file: /tmp/MOCK_DATA.csv_3a03b67cb87f4a4ce4ee9c141e45621f.lock
2019-09-12 22:34:32.391141-Lock: removed
Temp Flags Files Cleared
6
2019-09-12 22:34:32.395219-Lock: None-Fall Through
2019-09-12 22:34:32.395230-Lock: Creating, /home/nd/chris17453/ddb/test/data/MOCK_DATA.csv
2019-09-12 22:34:32.395260-Lock: MOD, /home/nd/chris17453/ddb/test/data/MOCK_DATA.csv
2019-09-12 22:34:32.395278-Lock: Aquired /tmp/MOCK_DATA.csv_3a03b67cb87f4a4ce4ee9c141e45621f.lock
2019-09-12 22:34:32.395321-Lock: Creating temporary file: /home/nd/chris17453/ddb/test/data/MOCK_DATA.csv-> /tmp/ddb__iswvPSUUID-047f8e58-d5cf-11e9-a5e6-b3efbbced9dc
Temp File /tmp/ddb__iswvPSUUID-047f8e58-d5cf-11e9-a5e6-b3efbbced9dc
Commit
2019-09-12 22:34:32.406159-Lock: Removing temp copy: /tmp/ddb__iswvPSUUID-047f8e58-d5cf-11e9-a5e6-b3efbbced9dc
2019-09-12 22:34:32.406295-Lock: Releasing Lock file: /tmp/MOCK_DATA.csv_3a03b67cb87f4a4ce4ee9c141e45621f.lock
2019-09-12 22:34:32.406327-Lock: removed
Temp Flags Files Cleared
1
2019-09-12 22:34:32.408499-Lock: None-Fall Through
2019-09-12 22:34:32.408509-Lock: Creating, /home/nd/chris17453/ddb/test/data/MOCK_DATA.csv
2019-09-12 22:34:32.408539-Lock: MOD, /home/nd/chris17453/ddb/test/data/MOCK_DATA.csv
2019-09-12 22:34:32.408557-Lock: Aquired /tmp/MOCK_DATA.csv_3a03b67cb87f4a4ce4ee9c141e45621f.lock
2019-09-12 22:34:32.408600-Lock: Creating temporary file: /home/nd/chris17453/ddb/test/data/MOCK_DATA.csv-> /tmp/ddb__u1h7F1UUID-047f8e58-d5cf-11e9-a5e6-b3efbbced9dc
Temp File /tmp/ddb__u1h7F1UUID-047f8e58-d5cf-11e9-a5e6-b3efbbced9dc
Commit
2019-09-12 22:34:32.416101-Lock: Removing temp copy: /tmp/ddb__u1h7F1UUID-047f8e58-d5cf-11e9-a5e6-b3efbbced9dc
2019-09-12 22:34:32.416258-Lock: Releasing Lock file: /tmp/MOCK_DATA.csv_3a03b67cb87f4a4ce4ee9c141e45621f.lock
2019-09-12 22:34:32.416291-Lock: removed
Temp Flags Files Cleared
2
2019-09-12 22:34:32.418638-Lock: None-Fall Through
2019-09-12 22:34:32.418650-Lock: Creating, /home/nd/chris17453/ddb/test/data/MOCK_DATA.csv
2019-09-12 22:34:32.418706-Lock: MOD, /home/nd/chris17453/ddb/test/data/MOCK_DATA.csv
2019-09-12 22:34:32.418725-Lock: Aquired /tmp/MOCK_DATA.csv_3a03b67cb87f4a4ce4ee9c141e45621f.lock
2019-09-12 22:34:32.418773-Lock: Creating temporary file: /home/nd/chris17453/ddb/test/data/MOCK_DATA.csv-> /tmp/ddb__7tX0BgUUID-047f8e58-d5cf-11e9-a5e6-b3efbbced9dc
Temp File /tmp/ddb__7tX0BgUUID-047f8e58-d5cf-11e9-a5e6-b3efbbced9dc
Commit
2019-09-12 22:34:32.426282-Lock: Removing temp copy: /tmp/ddb__7tX0BgUUID-047f8e58-d5cf-11e9-a5e6-b3efbbced9dc
2019-09-12 22:34:32.426419-Lock: Releasing Lock file: /tmp/MOCK_DATA.csv_3a03b67cb87f4a4ce4ee9c141e45621f.lock
2019-09-12 22:34:32.426451-Lock: removed
Temp Flags Files Cleared
3
2019-09-12 22:34:32.428747-Lock: None-Fall Through
2019-09-12 22:34:32.428757-Lock: Creating, /home/nd/chris17453/ddb/test/data/MOCK_DATA.csv
2019-09-12 22:34:32.428787-Lock: MOD, /home/nd/chris17453/ddb/test/data/MOCK_DATA.csv
2019-09-12 22:34:32.428806-Lock: Aquired /tmp/MOCK_DATA.csv_3a03b67cb87f4a4ce4ee9c141e45621f.lock
2019-09-12 22:34:32.428850-Lock: Creating temporary file: /home/nd/chris17453/ddb/test/data/MOCK_DATA.csv-> /tmp/ddb__CZljvxUUID-047f8e58-d5cf-11e9-a5e6-b3efbbced9dc
Temp File /tmp/ddb__CZljvxUUID-047f8e58-d5cf-11e9-a5e6-b3efbbced9dc
Commit
2019-09-12 22:34:32.436145-Lock: Removing temp copy: /tmp/ddb__CZljvxUUID-047f8e58-d5cf-11e9-a5e6-b3efbbced9dc
2019-09-12 22:34:32.436286-Lock: Releasing Lock file: /tmp/MOCK_DATA.csv_3a03b67cb87f4a4ce4ee9c141e45621f.lock
2019-09-12 22:34:32.436318-Lock: removed
Temp Flags Files Cleared
4
2019-09-12 22:34:32.439563-Lock: None-Fall Through
2019-09-12 22:34:32.439574-Lock: Creating, /home/nd/chris17453/ddb/test/data/MOCK_DATA.csv
2019-09-12 22:34:32.439605-Lock: MOD, /home/nd/chris17453/ddb/test/data/MOCK_DATA.csv
2019-09-12 22:34:32.439623-Lock: Aquired /tmp/MOCK_DATA.csv_3a03b67cb87f4a4ce4ee9c141e45621f.lock
2019-09-12 22:34:32.439666-Lock: Creating temporary file: /home/nd/chris17453/ddb/test/data/MOCK_DATA.csv-> /tmp/ddb__QHxpvvUUID-047f8e58-d5cf-11e9-a5e6-b3efbbced9dc
Temp File /tmp/ddb__QHxpvvUUID-047f8e58-d5cf-11e9-a5e6-b3efbbced9dc
Commit
2019-09-12 22:34:32.447398-Lock: Removing temp copy: /tmp/ddb__QHxpvvUUID-047f8e58-d5cf-11e9-a5e6-b3efbbced9dc
2019-09-12 22:34:32.447540-Lock: Releasing Lock file: /tmp/MOCK_DATA.csv_3a03b67cb87f4a4ce4ee9c141e45621f.lock
2019-09-12 22:34:32.447572-Lock: removed
Temp Flags Files Cleared
5
2019-09-12 22:34:32.451164-Lock: None-Fall Through
2019-09-12 22:34:32.451174-Lock: Creating, /home/nd/chris17453/ddb/test/data/MOCK_DATA.csv
2019-09-12 22:34:32.451201-Lock: MOD, /home/nd/chris17453/ddb/test/data/MOCK_DATA.csv
2019-09-12 22:34:32.451219-Lock: Aquired /tmp/MOCK_DATA.csv_3a03b67cb87f4a4ce4ee9c141e45621f.lock
2019-09-12 22:34:32.451265-Lock: Creating temporary file: /home/nd/chris17453/ddb/test/data/MOCK_DATA.csv-> /tmp/ddb__HLA2uqUUID-047f8e58-d5cf-11e9-a5e6-b3efbbced9dc
Temp File /tmp/ddb__HLA2uqUUID-047f8e58-d5cf-11e9-a5e6-b3efbbced9dc
Commit
2019-09-12 22:34:32.459846-Lock: Removing temp copy: /tmp/ddb__HLA2uqUUID-047f8e58-d5cf-11e9-a5e6-b3efbbced9dc
2019-09-12 22:34:32.459976-Lock: Releasing Lock file: /tmp/MOCK_DATA.csv_3a03b67cb87f4a4ce4ee9c141e45621f.lock
2019-09-12 22:34:32.460007-Lock: removed
Temp Flags Files Cleared
6
2019-09-12 22:34:32.464065-Lock: None-Fall Through
2019-09-12 22:34:32.464076-Lock: Creating, /home/nd/chris17453/ddb/test/data/MOCK_DATA.csv
2019-09-12 22:34:32.464107-Lock: MOD, /home/nd/chris17453/ddb/test/data/MOCK_DATA.csv
2019-09-12 22:34:32.464124-Lock: Aquired /tmp/MOCK_DATA.csv_3a03b67cb87f4a4ce4ee9c141e45621f.lock
2019-09-12 22:34:32.464168-Lock: Creating temporary file: /home/nd/chris17453/ddb/test/data/MOCK_DATA.csv-> /tmp/ddb__ubSBowUUID-047f8e58-d5cf-11e9-a5e6-b3efbbced9dc
Temp File /tmp/ddb__ubSBowUUID-047f8e58-d5cf-11e9-a5e6-b3efbbced9dc
Commit
2019-09-12 22:34:32.475131-Lock: Removing temp copy: /tmp/ddb__ubSBowUUID-047f8e58-d5cf-11e9-a5e6-b3efbbced9dc
2019-09-12 22:34:32.475261-Lock: Releasing Lock file: /tmp/MOCK_DATA.csv_3a03b67cb87f4a4ce4ee9c141e45621f.lock
2019-09-12 22:34:32.475311-Lock: removed
Temp Flags Files Cleared
1
2019-09-12 22:34:32.477473-Lock: None-Fall Through
2019-09-12 22:34:32.477483-Lock: Creating, /home/nd/chris17453/ddb/test/data/MOCK_DATA.csv
2019-09-12 22:34:32.477511-Lock: MOD, /home/nd/chris17453/ddb/test/data/MOCK_DATA.csv
2019-09-12 22:34:32.477528-Lock: Aquired /tmp/MOCK_DATA.csv_3a03b67cb87f4a4ce4ee9c141e45621f.lock
2019-09-12 22:34:32.477570-Lock: Creating temporary file: /home/nd/chris17453/ddb/test/data/MOCK_DATA.csv-> /tmp/ddb__RUebSRUUID-047f8e58-d5cf-11e9-a5e6-b3efbbced9dc
Temp File /tmp/ddb__RUebSRUUID-047f8e58-d5cf-11e9-a5e6-b3efbbced9dc
Commit
2019-09-12 22:34:32.485183-Lock: Removing temp copy: /tmp/ddb__RUebSRUUID-047f8e58-d5cf-11e9-a5e6-b3efbbced9dc
2019-09-12 22:34:32.485326-Lock: Releasing Lock file: /tmp/MOCK_DATA.csv_3a03b67cb87f4a4ce4ee9c141e45621f.lock
2019-09-12 22:34:32.485358-Lock: removed
Temp Flags Files Cleared
2
2019-09-12 22:34:32.487639-Lock: None-Fall Through
2019-09-12 22:34:32.487650-Lock: Creating, /home/nd/chris17453/ddb/test/data/MOCK_DATA.csv
2019-09-12 22:34:32.487682-Lock: MOD, /home/nd/chris17453/ddb/test/data/MOCK_DATA.csv
2019-09-12 22:34:32.487701-Lock: Aquired /tmp/MOCK_DATA.csv_3a03b67cb87f4a4ce4ee9c141e45621f.lock
2019-09-12 22:34:32.487745-Lock: Creating temporary file: /home/nd/chris17453/ddb/test/data/MOCK_DATA.csv-> /tmp/ddb__YV5hRnUUID-047f8e58-d5cf-11e9-a5e6-b3efbbced9dc
Temp File /tmp/ddb__YV5hRnUUID-047f8e58-d5cf-11e9-a5e6-b3efbbced9dc
Commit
2019-09-12 22:34:32.495091-Lock: Removing temp copy: /tmp/ddb__YV5hRnUUID-047f8e58-d5cf-11e9-a5e6-b3efbbced9dc
2019-09-12 22:34:32.495228-Lock: Releasing Lock file: /tmp/MOCK_DATA.csv_3a03b67cb87f4a4ce4ee9c141e45621f.lock
2019-09-12 22:34:32.495260-Lock: removed
Temp Flags Files Cleared
3
2019-09-12 22:34:32.497509-Lock: None-Fall Through
2019-09-12 22:34:32.497520-Lock: Creating, /home/nd/chris17453/ddb/test/data/MOCK_DATA.csv
2019-09-12 22:34:32.497552-Lock: MOD, /home/nd/chris17453/ddb/test/data/MOCK_DATA.csv
2019-09-12 22:34:32.497570-Lock: Aquired /tmp/MOCK_DATA.csv_3a03b67cb87f4a4ce4ee9c141e45621f.lock
2019-09-12 22:34:32.497611-Lock: Creating temporary file: /home/nd/chris17453/ddb/test/data/MOCK_DATA.csv-> /tmp/ddb__YTej2aUUID-047f8e58-d5cf-11e9-a5e6-b3efbbced9dc
Temp File /tmp/ddb__YTej2aUUID-047f8e58-d5cf-11e9-a5e6-b3efbbced9dc
Commit
2019-09-12 22:34:32.504920-Lock: Removing temp copy: /tmp/ddb__YTej2aUUID-047f8e58-d5cf-11e9-a5e6-b3efbbced9dc
2019-09-12 22:34:32.505060-Lock: Releasing Lock file: /tmp/MOCK_DATA.csv_3a03b67cb87f4a4ce4ee9c141e45621f.lock
2019-09-12 22:34:32.505092-Lock: removed
Temp Flags Files Cleared
4
2019-09-12 22:34:32.508291-Lock: None-Fall Through
2019-09-12 22:34:32.508302-Lock: Creating, /home/nd/chris17453/ddb/test/data/MOCK_DATA.csv
2019-09-12 22:34:32.508331-Lock: MOD, /home/nd/chris17453/ddb/test/data/MOCK_DATA.csv
2019-09-12 22:34:32.508348-Lock: Aquired /tmp/MOCK_DATA.csv_3a03b67cb87f4a4ce4ee9c141e45621f.lock
2019-09-12 22:34:32.508391-Lock: Creating temporary file: /home/nd/chris17453/ddb/test/data/MOCK_DATA.csv-> /tmp/ddb__AYuRbbUUID-047f8e58-d5cf-11e9-a5e6-b3efbbced9dc
Temp File /tmp/ddb__AYuRbbUUID-047f8e58-d5cf-11e9-a5e6-b3efbbced9dc
Commit
2019-09-12 22:34:32.516057-Lock: Removing temp copy: /tmp/ddb__AYuRbbUUID-047f8e58-d5cf-11e9-a5e6-b3efbbced9dc
2019-09-12 22:34:32.516187-Lock: Releasing Lock file: /tmp/MOCK_DATA.csv_3a03b67cb87f4a4ce4ee9c141e45621f.lock
2019-09-12 22:34:32.516218-Lock: removed
Temp Flags Files Cleared
5
2019-09-12 22:34:32.519778-Lock: None-Fall Through
2019-09-12 22:34:32.519789-Lock: Creating, /home/nd/chris17453/ddb/test/data/MOCK_DATA.csv
2019-09-12 22:34:32.519816-Lock: MOD, /home/nd/chris17453/ddb/test/data/MOCK_DATA.csv
2019-09-12 22:34:32.519833-Lock: Aquired /tmp/MOCK_DATA.csv_3a03b67cb87f4a4ce4ee9c141e45621f.lock
2019-09-12 22:34:32.519875-Lock: Creating temporary file: /home/nd/chris17453/ddb/test/data/MOCK_DATA.csv-> /tmp/ddb__fu9Y0vUUID-047f8e58-d5cf-11e9-a5e6-b3efbbced9dc
Temp File /tmp/ddb__fu9Y0vUUID-047f8e58-d5cf-11e9-a5e6-b3efbbced9dc
Commit
2019-09-12 22:34:32.528334-Lock: Removing temp copy: /tmp/ddb__fu9Y0vUUID-047f8e58-d5cf-11e9-a5e6-b3efbbced9dc
2019-09-12 22:34:32.528490-Lock: Releasing Lock file: /tmp/MOCK_DATA.csv_3a03b67cb87f4a4ce4ee9c141e45621f.lock
2019-09-12 22:34:32.528521-Lock: removed
Temp Flags Files Cleared
6
2019-09-12 22:34:32.532554-Lock: None-Fall Through
2019-09-12 22:34:32.532565-Lock: Creating, /home/nd/chris17453/ddb/test/data/MOCK_DATA.csv
2019-09-12 22:34:32.532593-Lock: MOD, /home/nd/chris17453/ddb/test/data/MOCK_DATA.csv
2019-09-12 22:34:32.532611-Lock: Aquired /tmp/MOCK_DATA.csv_3a03b67cb87f4a4ce4ee9c141e45621f.lock
2019-09-12 22:34:32.532651-Lock: Creating temporary file: /home/nd/chris17453/ddb/test/data/MOCK_DATA.csv-> /tmp/ddb__q_w3HPUUID-047f8e58-d5cf-11e9-a5e6-b3efbbced9dc
Temp File /tmp/ddb__q_w3HPUUID-047f8e58-d5cf-11e9-a5e6-b3efbbced9dc
Commit
2019-09-12 22:34:32.543488-Lock: Removing temp copy: /tmp/ddb__q_w3HPUUID-047f8e58-d5cf-11e9-a5e6-b3efbbced9dc
2019-09-12 22:34:32.543616-Lock: Releasing Lock file: /tmp/MOCK_DATA.csv_3a03b67cb87f4a4ce4ee9c141e45621f.lock
2019-09-12 22:34:32.543648-Lock: removed
Temp Flags Files Cleared
1
2019-09-12 22:34:32.545791-Lock: None-Fall Through
2019-09-12 22:34:32.545801-Lock: Creating, /home/nd/chris17453/ddb/test/data/MOCK_DATA.csv
2019-09-12 22:34:32.545829-Lock: MOD, /home/nd/chris17453/ddb/test/data/MOCK_DATA.csv
2019-09-12 22:34:32.545846-Lock: Aquired /tmp/MOCK_DATA.csv_3a03b67cb87f4a4ce4ee9c141e45621f.lock
2019-09-12 22:34:32.545887-Lock: Creating temporary file: /home/nd/chris17453/ddb/test/data/MOCK_DATA.csv-> /tmp/ddb__F8g4a0UUID-047f8e58-d5cf-11e9-a5e6-b3efbbced9dc
Temp File /tmp/ddb__F8g4a0UUID-047f8e58-d5cf-11e9-a5e6-b3efbbced9dc
Commit
2019-09-12 22:34:32.553110-Lock: Removing temp copy: /tmp/ddb__F8g4a0UUID-047f8e58-d5cf-11e9-a5e6-b3efbbced9dc
2019-09-12 22:34:32.553247-Lock: Releasing Lock file: /tmp/MOCK_DATA.csv_3a03b67cb87f4a4ce4ee9c141e45621f.lock
2019-09-12 22:34:32.553278-Lock: removed
Temp Flags Files Cleared
2
2019-09-12 22:34:32.555518-Lock: None-Fall Through
2019-09-12 22:34:32.555528-Lock: Creating, /home/nd/chris17453/ddb/test/data/MOCK_DATA.csv
2019-09-12 22:34:32.555558-Lock: MOD, /home/nd/chris17453/ddb/test/data/MOCK_DATA.csv
2019-09-12 22:34:32.555574-Lock: Aquired /tmp/MOCK_DATA.csv_3a03b67cb87f4a4ce4ee9c141e45621f.lock
2019-09-12 22:34:32.555617-Lock: Creating temporary file: /home/nd/chris17453/ddb/test/data/MOCK_DATA.csv-> /tmp/ddb__F3IEi0UUID-047f8e58-d5cf-11e9-a5e6-b3efbbced9dc
Temp File /tmp/ddb__F3IEi0UUID-047f8e58-d5cf-11e9-a5e6-b3efbbced9dc
Commit
2019-09-12 22:34:32.562960-Lock: Removing temp copy: /tmp/ddb__F3IEi0UUID-047f8e58-d5cf-11e9-a5e6-b3efbbced9dc
2019-09-12 22:34:32.563097-Lock: Releasing Lock file: /tmp/MOCK_DATA.csv_3a03b67cb87f4a4ce4ee9c141e45621f.lock
2019-09-12 22:34:32.563128-Lock: removed
Temp Flags Files Cleared
3
2019-09-12 22:34:32.565365-Lock: None-Fall Through
2019-09-12 22:34:32.565375-Lock: Creating, /home/nd/chris17453/ddb/test/data/MOCK_DATA.csv
2019-09-12 22:34:32.565408-Lock: MOD, /home/nd/chris17453/ddb/test/data/MOCK_DATA.csv
2019-09-12 22:34:32.565426-Lock: Aquired /tmp/MOCK_DATA.csv_3a03b67cb87f4a4ce4ee9c141e45621f.lock
2019-09-12 22:34:32.565480-Lock: Creating temporary file: /home/nd/chris17453/ddb/test/data/MOCK_DATA.csv-> /tmp/ddb__6YLs2KUUID-047f8e58-d5cf-11e9-a5e6-b3efbbced9dc
Temp File /tmp/ddb__6YLs2KUUID-047f8e58-d5cf-11e9-a5e6-b3efbbced9dc
Commit
2019-09-12 22:34:32.572701-Lock: Removing temp copy: /tmp/ddb__6YLs2KUUID-047f8e58-d5cf-11e9-a5e6-b3efbbced9dc
2019-09-12 22:34:32.572836-Lock: Releasing Lock file: /tmp/MOCK_DATA.csv_3a03b67cb87f4a4ce4ee9c141e45621f.lock
2019-09-12 22:34:32.572868-Lock: removed
Temp Flags Files Cleared
4
2019-09-12 22:34:32.576049-Lock: None-Fall Through
2019-09-12 22:34:32.576060-Lock: Creating, /home/nd/chris17453/ddb/test/data/MOCK_DATA.csv
2019-09-12 22:34:32.576088-Lock: MOD, /home/nd/chris17453/ddb/test/data/MOCK_DATA.csv
2019-09-12 22:34:32.576105-Lock: Aquired /tmp/MOCK_DATA.csv_3a03b67cb87f4a4ce4ee9c141e45621f.lock
2019-09-12 22:34:32.576147-Lock: Creating temporary file: /home/nd/chris17453/ddb/test/data/MOCK_DATA.csv-> /tmp/ddb__wbUJgjUUID-047f8e58-d5cf-11e9-a5e6-b3efbbced9dc
Temp File /tmp/ddb__wbUJgjUUID-047f8e58-d5cf-11e9-a5e6-b3efbbced9dc
Commit
2019-09-12 22:34:32.584061-Lock: Removing temp copy: /tmp/ddb__wbUJgjUUID-047f8e58-d5cf-11e9-a5e6-b3efbbced9dc
2019-09-12 22:34:32.584200-Lock: Releasing Lock file: /tmp/MOCK_DATA.csv_3a03b67cb87f4a4ce4ee9c141e45621f.lock
2019-09-12 22:34:32.584231-Lock: removed
Temp Flags Files Cleared
5
2019-09-12 22:34:32.587802-Lock: None-Fall Through
2019-09-12 22:34:32.587813-Lock: Creating, /home/nd/chris17453/ddb/test/data/MOCK_DATA.csv
2019-09-12 22:34:32.587841-Lock: MOD, /home/nd/chris17453/ddb/test/data/MOCK_DATA.csv
2019-09-12 22:34:32.587858-Lock: Aquired /tmp/MOCK_DATA.csv_3a03b67cb87f4a4ce4ee9c141e45621f.lock
2019-09-12 22:34:32.587900-Lock: Creating temporary file: /home/nd/chris17453/ddb/test/data/MOCK_DATA.csv-> /tmp/ddb__qnVmqjUUID-047f8e58-d5cf-11e9-a5e6-b3efbbced9dc
Temp File /tmp/ddb__qnVmqjUUID-047f8e58-d5cf-11e9-a5e6-b3efbbced9dc
Commit
2019-09-12 22:34:32.596381-Lock: Removing temp copy: /tmp/ddb__qnVmqjUUID-047f8e58-d5cf-11e9-a5e6-b3efbbced9dc
2019-09-12 22:34:32.596516-Lock: Releasing Lock file: /tmp/MOCK_DATA.csv_3a03b67cb87f4a4ce4ee9c141e45621f.lock
2019-09-12 22:34:32.596548-Lock: removed
Temp Flags Files Cleared
6
2019-09-12 22:34:32.600610-Lock: None-Fall Through
2019-09-12 22:34:32.600621-Lock: Creating, /home/nd/chris17453/ddb/test/data/MOCK_DATA.csv
2019-09-12 22:34:32.600647-Lock: MOD, /home/nd/chris17453/ddb/test/data/MOCK_DATA.csv
2019-09-12 22:34:32.600665-Lock: Aquired /tmp/MOCK_DATA.csv_3a03b67cb87f4a4ce4ee9c141e45621f.lock
2019-09-12 22:34:32.600706-Lock: Creating temporary file: /home/nd/chris17453/ddb/test/data/MOCK_DATA.csv-> /tmp/ddb__xVYfTNUUID-047f8e58-d5cf-11e9-a5e6-b3efbbced9dc
Temp File /tmp/ddb__xVYfTNUUID-047f8e58-d5cf-11e9-a5e6-b3efbbced9dc
Commit
2019-09-12 22:34:32.611568-Lock: Removing temp copy: /tmp/ddb__xVYfTNUUID-047f8e58-d5cf-11e9-a5e6-b3efbbced9dc
2019-09-12 22:34:32.611695-Lock: Releasing Lock file: /tmp/MOCK_DATA.csv_3a03b67cb87f4a4ce4ee9c141e45621f.lock
2019-09-12 22:34:32.611726-Lock: removed
Temp Flags Files Cleared
1
2019-09-12 22:34:32.613857-Lock: None-Fall Through
2019-09-12 22:34:32.613868-Lock: Creating, /home/nd/chris17453/ddb/test/data/MOCK_DATA.csv
2019-09-12 22:34:32.613896-Lock: MOD, /home/nd/chris17453/ddb/test/data/MOCK_DATA.csv
2019-09-12 22:34:32.613914-Lock: Aquired /tmp/MOCK_DATA.csv_3a03b67cb87f4a4ce4ee9c141e45621f.lock
2019-09-12 22:34:32.613956-Lock: Creating temporary file: /home/nd/chris17453/ddb/test/data/MOCK_DATA.csv-> /tmp/ddb__6Yy1ZOUUID-047f8e58-d5cf-11e9-a5e6-b3efbbced9dc
Temp File /tmp/ddb__6Yy1ZOUUID-047f8e58-d5cf-11e9-a5e6-b3efbbced9dc
Commit
2019-09-12 22:34:32.621292-Lock: Removing temp copy: /tmp/ddb__6Yy1ZOUUID-047f8e58-d5cf-11e9-a5e6-b3efbbced9dc
2019-09-12 22:34:32.621432-Lock: Releasing Lock file: /tmp/MOCK_DATA.csv_3a03b67cb87f4a4ce4ee9c141e45621f.lock
2019-09-12 22:34:32.621464-Lock: removed
Temp Flags Files Cleared
2
2019-09-12 22:34:32.623705-Lock: None-Fall Through
2019-09-12 22:34:32.623716-Lock: Creating, /home/nd/chris17453/ddb/test/data/MOCK_DATA.csv
2019-09-12 22:34:32.623744-Lock: MOD, /home/nd/chris17453/ddb/test/data/MOCK_DATA.csv
2019-09-12 22:34:32.623761-Lock: Aquired /tmp/MOCK_DATA.csv_3a03b67cb87f4a4ce4ee9c141e45621f.lock
2019-09-12 22:34:32.623803-Lock: Creating temporary file: /home/nd/chris17453/ddb/test/data/MOCK_DATA.csv-> /tmp/ddb__FgMxLtUUID-047f8e58-d5cf-11e9-a5e6-b3efbbced9dc
Temp File /tmp/ddb__FgMxLtUUID-047f8e58-d5cf-11e9-a5e6-b3efbbced9dc
Commit
2019-09-12 22:34:32.631086-Lock: Removing temp copy: /tmp/ddb__FgMxLtUUID-047f8e58-d5cf-11e9-a5e6-b3efbbced9dc
2019-09-12 22:34:32.631219-Lock: Releasing Lock file: /tmp/MOCK_DATA.csv_3a03b67cb87f4a4ce4ee9c141e45621f.lock
2019-09-12 22:34:32.631250-Lock: removed
Temp Flags Files Cleared
3
2019-09-12 22:34:32.633506-Lock: None-Fall Through
2019-09-12 22:34:32.633517-Lock: Creating, /home/nd/chris17453/ddb/test/data/MOCK_DATA.csv
2019-09-12 22:34:32.633549-Lock: MOD, /home/nd/chris17453/ddb/test/data/MOCK_DATA.csv
2019-09-12 22:34:32.633584-Lock: Aquired /tmp/MOCK_DATA.csv_3a03b67cb87f4a4ce4ee9c141e45621f.lock
2019-09-12 22:34:32.633627-Lock: Creating temporary file: /home/nd/chris17453/ddb/test/data/MOCK_DATA.csv-> /tmp/ddb__Z1uG7yUUID-047f8e58-d5cf-11e9-a5e6-b3efbbced9dc
Temp File /tmp/ddb__Z1uG7yUUID-047f8e58-d5cf-11e9-a5e6-b3efbbced9dc
Commit
2019-09-12 22:34:32.640832-Lock: Removing temp copy: /tmp/ddb__Z1uG7yUUID-047f8e58-d5cf-11e9-a5e6-b3efbbced9dc
2019-09-12 22:34:32.640974-Lock: Releasing Lock file: /tmp/MOCK_DATA.csv_3a03b67cb87f4a4ce4ee9c141e45621f.lock
2019-09-12 22:34:32.641005-Lock: removed
Temp Flags Files Cleared
4
2019-09-12 22:34:32.644234-Lock: None-Fall Through
2019-09-12 22:34:32.644245-Lock: Creating, /home/nd/chris17453/ddb/test/data/MOCK_DATA.csv
2019-09-12 22:34:32.644275-Lock: MOD, /home/nd/chris17453/ddb/test/data/MOCK_DATA.csv
2019-09-12 22:34:32.644293-Lock: Aquired /tmp/MOCK_DATA.csv_3a03b67cb87f4a4ce4ee9c141e45621f.lock
2019-09-12 22:34:32.644337-Lock: Creating temporary file: /home/nd/chris17453/ddb/test/data/MOCK_DATA.csv-> /tmp/ddb__UYdVisUUID-047f8e58-d5cf-11e9-a5e6-b3efbbced9dc
Temp File /tmp/ddb__UYdVisUUID-047f8e58-d5cf-11e9-a5e6-b3efbbced9dc
Commit
2019-09-12 22:34:32.652067-Lock: Removing temp copy: /tmp/ddb__UYdVisUUID-047f8e58-d5cf-11e9-a5e6-b3efbbced9dc
2019-09-12 22:34:32.652199-Lock: Releasing Lock file: /tmp/MOCK_DATA.csv_3a03b67cb87f4a4ce4ee9c141e45621f.lock
2019-09-12 22:34:32.652230-Lock: removed
Temp Flags Files Cleared
5
2019-09-12 22:34:32.655811-Lock: None-Fall Through
2019-09-12 22:34:32.655821-Lock: Creating, /home/nd/chris17453/ddb/test/data/MOCK_DATA.csv
2019-09-12 22:34:32.655849-Lock: MOD, /home/nd/chris17453/ddb/test/data/MOCK_DATA.csv
2019-09-12 22:34:32.655867-Lock: Aquired /tmp/MOCK_DATA.csv_3a03b67cb87f4a4ce4ee9c141e45621f.lock
2019-09-12 22:34:32.655909-Lock: Creating temporary file: /home/nd/chris17453/ddb/test/data/MOCK_DATA.csv-> /tmp/ddb__f0WSnqUUID-047f8e58-d5cf-11e9-a5e6-b3efbbced9dc
Temp File /tmp/ddb__f0WSnqUUID-047f8e58-d5cf-11e9-a5e6-b3efbbced9dc
Commit
2019-09-12 22:34:32.664341-Lock: Removing temp copy: /tmp/ddb__f0WSnqUUID-047f8e58-d5cf-11e9-a5e6-b3efbbced9dc
2019-09-12 22:34:32.664475-Lock: Releasing Lock file: /tmp/MOCK_DATA.csv_3a03b67cb87f4a4ce4ee9c141e45621f.lock
2019-09-12 22:34:32.664507-Lock: removed
Temp Flags Files Cleared
6
2019-09-12 22:34:32.668583-Lock: None-Fall Through
2019-09-12 22:34:32.668594-Lock: Creating, /home/nd/chris17453/ddb/test/data/MOCK_DATA.csv
2019-09-12 22:34:32.668621-Lock: MOD, /home/nd/chris17453/ddb/test/data/MOCK_DATA.csv
2019-09-12 22:34:32.668633-Lock: Aquired /tmp/MOCK_DATA.csv_3a03b67cb87f4a4ce4ee9c141e45621f.lock
2019-09-12 22:34:32.668677-Lock: Creating temporary file: /home/nd/chris17453/ddb/test/data/MOCK_DATA.csv-> /tmp/ddb__hUoUvXUUID-047f8e58-d5cf-11e9-a5e6-b3efbbced9dc
Temp File /tmp/ddb__hUoUvXUUID-047f8e58-d5cf-11e9-a5e6-b3efbbced9dc
Commit
2019-09-12 22:34:32.679600-Lock: Removing temp copy: /tmp/ddb__hUoUvXUUID-047f8e58-d5cf-11e9-a5e6-b3efbbced9dc
2019-09-12 22:34:32.679733-Lock: Releasing Lock file: /tmp/MOCK_DATA.csv_3a03b67cb87f4a4ce4ee9c141e45621f.lock
2019-09-12 22:34:32.679765-Lock: removed
Temp Flags Files Cleared
1
2019-09-12 22:34:32.682117-Lock: None-Fall Through
2019-09-12 22:34:32.682129-Lock: Creating, /home/nd/chris17453/ddb/test/data/MOCK_DATA.csv
2019-09-12 22:34:32.682161-Lock: MOD, /home/nd/chris17453/ddb/test/data/MOCK_DATA.csv
2019-09-12 22:34:32.682178-Lock: Aquired /tmp/MOCK_DATA.csv_3a03b67cb87f4a4ce4ee9c141e45621f.lock
2019-09-12 22:34:32.682223-Lock: Creating temporary file: /home/nd/chris17453/ddb/test/data/MOCK_DATA.csv-> /tmp/ddb__eqSmW3UUID-047f8e58-d5cf-11e9-a5e6-b3efbbced9dc
Temp File /tmp/ddb__eqSmW3UUID-047f8e58-d5cf-11e9-a5e6-b3efbbced9dc
Commit
2019-09-12 22:34:32.689708-Lock: Removing temp copy: /tmp/ddb__eqSmW3UUID-047f8e58-d5cf-11e9-a5e6-b3efbbced9dc
2019-09-12 22:34:32.689852-Lock: Releasing Lock file: /tmp/MOCK_DATA.csv_3a03b67cb87f4a4ce4ee9c141e45621f.lock
2019-09-12 22:34:32.689885-Lock: removed
Temp Flags Files Cleared
2
2019-09-12 22:34:32.692195-Lock: None-Fall Through
2019-09-12 22:34:32.692230-Lock: Creating, /home/nd/chris17453/ddb/test/data/MOCK_DATA.csv
2019-09-12 22:34:32.692258-Lock: MOD, /home/nd/chris17453/ddb/test/data/MOCK_DATA.csv
2019-09-12 22:34:32.692276-Lock: Aquired /tmp/MOCK_DATA.csv_3a03b67cb87f4a4ce4ee9c141e45621f.lock
2019-09-12 22:34:32.692321-Lock: Creating temporary file: /home/nd/chris17453/ddb/test/data/MOCK_DATA.csv-> /tmp/ddb__ZuuqaDUUID-047f8e58-d5cf-11e9-a5e6-b3efbbced9dc
Temp File /tmp/ddb__ZuuqaDUUID-047f8e58-d5cf-11e9-a5e6-b3efbbced9dc
Commit
2019-09-12 22:34:32.699828-Lock: Removing temp copy: /tmp/ddb__ZuuqaDUUID-047f8e58-d5cf-11e9-a5e6-b3efbbced9dc
2019-09-12 22:34:32.699984-Lock: Releasing Lock file: /tmp/MOCK_DATA.csv_3a03b67cb87f4a4ce4ee9c141e45621f.lock
2019-09-12 22:34:32.700019-Lock: removed
Temp Flags Files Cleared
3
2019-09-12 22:34:32.702340-Lock: None-Fall Through
2019-09-12 22:34:32.702351-Lock: Creating, /home/nd/chris17453/ddb/test/data/MOCK_DATA.csv
2019-09-12 22:34:32.702388-Lock: MOD, /home/nd/chris17453/ddb/test/data/MOCK_DATA.csv
2019-09-12 22:34:32.702407-Lock: Aquired /tmp/MOCK_DATA.csv_3a03b67cb87f4a4ce4ee9c141e45621f.lock
2019-09-12 22:34:32.702454-Lock: Creating temporary file: /home/nd/chris17453/ddb/test/data/MOCK_DATA.csv-> /tmp/ddb__tVYh6jUUID-047f8e58-d5cf-11e9-a5e6-b3efbbced9dc
Temp File /tmp/ddb__tVYh6jUUID-047f8e58-d5cf-11e9-a5e6-b3efbbced9dc
Commit
2019-09-12 22:34:32.709817-Lock: Removing temp copy: /tmp/ddb__tVYh6jUUID-047f8e58-d5cf-11e9-a5e6-b3efbbced9dc
2019-09-12 22:34:32.709955-Lock: Releasing Lock file: /tmp/MOCK_DATA.csv_3a03b67cb87f4a4ce4ee9c141e45621f.lock
2019-09-12 22:34:32.709987-Lock: removed
Temp Flags Files Cleared
4
2019-09-12 22:34:32.713247-Lock: None-Fall Through
2019-09-12 22:34:32.713258-Lock: Creating, /home/nd/chris17453/ddb/test/data/MOCK_DATA.csv
2019-09-12 22:34:32.713293-Lock: MOD, /home/nd/chris17453/ddb/test/data/MOCK_DATA.csv
2019-09-12 22:34:32.713312-Lock: Aquired /tmp/MOCK_DATA.csv_3a03b67cb87f4a4ce4ee9c141e45621f.lock
2019-09-12 22:34:32.713357-Lock: Creating temporary file: /home/nd/chris17453/ddb/test/data/MOCK_DATA.csv-> /tmp/ddb__tRz1a9UUID-047f8e58-d5cf-11e9-a5e6-b3efbbced9dc
Temp File /tmp/ddb__tRz1a9UUID-047f8e58-d5cf-11e9-a5e6-b3efbbced9dc
Commit
2019-09-12 22:34:32.721090-Lock: Removing temp copy: /tmp/ddb__tRz1a9UUID-047f8e58-d5cf-11e9-a5e6-b3efbbced9dc
2019-09-12 22:34:32.721224-Lock: Releasing Lock file: /tmp/MOCK_DATA.csv_3a03b67cb87f4a4ce4ee9c141e45621f.lock
2019-09-12 22:34:32.721255-Lock: removed
Temp Flags Files Cleared
5
2019-09-12 22:34:32.724869-Lock: None-Fall Through
2019-09-12 22:34:32.724879-Lock: Creating, /home/nd/chris17453/ddb/test/data/MOCK_DATA.csv
2019-09-12 22:34:32.724909-Lock: MOD, /home/nd/chris17453/ddb/test/data/MOCK_DATA.csv
2019-09-12 22:34:32.724924-Lock: Aquired /tmp/MOCK_DATA.csv_3a03b67cb87f4a4ce4ee9c141e45621f.lock
2019-09-12 22:34:32.724966-Lock: Creating temporary file: /home/nd/chris17453/ddb/test/data/MOCK_DATA.csv-> /tmp/ddb__oWlHJTUUID-047f8e58-d5cf-11e9-a5e6-b3efbbced9dc
Temp File /tmp/ddb__oWlHJTUUID-047f8e58-d5cf-11e9-a5e6-b3efbbced9dc
Commit
